1 -0.08684909682412459 -0.01263900584617127
2 0.04219243235694206 -0.0883185060847676
3 -0.0020913711239279433 -0.00707843840243454
4 1.9010778873068075 0.9060547026390366
5 -0.002552533915954114 0.008877764186415038
6 0.00031125439899344355 0.01638804389534605
7 -0.05857082623600619 0.0003607218984549632
8 0.09618898899282775 0.00916015963783826
9 1.0219284306770091 -1.32769787991187
10 0.3091041971978077 1.6682342336422513
11 -0.08169446606580363 -0.023255560630207995
12 0.07457605389413988 0.04999005194815043
13 -1.2423398663330143 -0.5810917287349915
14 -1.1198568277148222 1.4424604799014915
15 0.013546184580469689 -0.07288677241676558
16 1.3804499606587728 0.7508741274799118
17 1.8134082952594033 0.41652095022556024
18 -0.3365694758624471 0.5765322921093565
19 0.06726980939787008 0.013568364439191061
20 1.854882501742228 0.984439525592858
21 -0.0585259780137709 -0.009596175542782338
22 -0.06655089171569226 0.026091278517638962
23 -1.2342053367484451 1.7594439742440846
24 0.4105928632136755 -0.7155861321012749
25 -0.34874728205490824 0.5392388535777166
26 -0.6887611973895913 -1.543804632768897
27 -0.09480072188936252 -0.06410124818455981
28 0.059054998033406726 0.07906581233239071
29 -1.944981512952538 1.919123857141915
30 0.0284220229594521 0.0034025021670217484
31 -0.054148440414457204 -0.06285913245399803
32 -0.8612592762528193 0.156278035284096
33 -0.08304271601078378 -0.07685069754557122
34 -0.0697470235013845 -0.03898071996177761
35 1.5486464050407986 0.5345838869249431
36 0.0900648661737331 0.04147978843452824
37 -0.03750050226753751 -0.0396355009482517
38 0.04030776371998377 0.007907046806723673
39 0.6002024890079363 -1.928482199752825
40 0.0017877092946729123 0.05177920266245495
41 0.9452204775605328 -0.21887360607913853
42 -0.06453365691017358 0.02150032043465222
43 -1.2508734775887818 1.1867929157288635
44 -0.4356271880175919 -1.3362095039145723
45 -0.025264941304389478 -0.022975890279931244
46 -0.08918883590117985 -0.026503955962597983
47 -0.9497074434427857 0.42487643059004454
48 0.9083376604504931 -1.870741729603313
49 -0.044935953151308716 0.012389117985745879
